0.000000000000000000e+00 3.976377089800075919e-03 2.074129104614257812e+00
0.000000000000000000e+00 1.192913126940022862e-02 3.175972700119018555e+00
0.000000000000000000e+00 1.988188544900038046e-02 3.803045511245727539e+00
0.000000000000000000e+00 2.783463962860053403e-02 3.574885845184326172e+00
0.000000000000000000e+00 3.578739380820068761e-02 2.883673667907714844e+00
0.000000000000000000e+00 4.374014798780084118e-02 2.793134689331054688e+00
0.000000000000000000e+00 5.169290216740098781e-02 3.408639192581176758e+00
0.000000000000000000e+00 5.964565634700114138e-02 3.709922790527343750e+00
0.000000000000000000e+00 6.759841052660130190e-02 3.506260395050048828e+00
0.000000000000000000e+00 7.555116470620144853e-02 3.298744678497314453e+00
0.000000000000000000e+00 8.350391888580160904e-02 3.157171487808227539e+00
0.000000000000000000e+00 9.145667306540175567e-02 3.120901346206665039e+00
0.000000000000000000e+00 9.940942724500190231e-02 3.397684812545776367e+00
0.000000000000000000e+00 1.073621814246020489e-01 3.725547075271606445e+00
0.000000000000000000e+00 1.153149356042022095e-01 3.705452203750610352e+00
0.000000000000000000e+00 1.232676897838023700e-01 3.400224685668945312e+00
0.000000000000000000e+00 1.312204439634025166e-01 3.318347454071044922e+00
0.000000000000000000e+00 1.391731981430026632e-01 3.462045431137084961e+00
0.000000000000000000e+00 1.471259523226028376e-01 3.526168346405029297e+00
0.000000000000000000e+00 1.550787065022029843e-01 3.540364980697631836e+00
0.000000000000000000e+00 1.630314606818031309e-01 3.645601034164428711e+00
0.000000000000000000e+00 1.709842148614032775e-01 3.933773517608642578e+00
0.000000000000000000e+00 1.789369690410034519e-01 3.712462186813354492e+00
0.000000000000000000e+00 1.868897232206035985e-01 3.516510725021362305e+00
0.000000000000000000e+00 1.948424774002037174e-01 3.466602563858032227e+00